0,310
0,305
0,308
0,307
0,302
0,304
0,303
0,12
0,336
0,10
0,8
0,0
0,515
0,419
0,300
0,511
0,418
0,299
0,510
0,417
0,298
0,512
0,416
0,297
0,508
0,415
0,296
0,507
0,414
0,295
0,509
0,413
0,294
0,505
0,412
0,293
0,504
0,411
0,292
0,506
0,410
0,291
0,502
0,409
0,290
0,501
0,407
0,289
0,406
0,288
0,452
0,405
0,287
0,552
0,404
0,286
0,500
0,403
0,285
0,496
0,402
0,284
0,495
0,401
0,283
0,497
0,400
0,282
0,492
0,399
0,281
0,491
0,398
0,280
0,397
0,279
0,555
0,396
0,278
0,566
0,395
0,277
0,564
0,394
0,276
0,563
0,393
0,275
0,328
0,392
0,274
0,562
0,391
0,273
0,553
0,390
0,272
0,464
0,389
0,271
0,554
0,388
0,270
0,551
0,387
0,269
0,550
0,386
0,268
0,523
0,385
0,267
0,490
0,384
0,266
0,383
0,265
0,444
0,382
0,264
0,487
0,381
0,263
0,561
0,380
0,262
0,536
0,379
0,261
0,535
0,378
0,260
0,560
0,377
0,259
0,548
0,376
0,258
0,547
0,375
0,257
0,549
0,374
0,256
0,534
0,373
0,255
0,533
0,372
0,254
0,420
0,371
0,253
0,545
0,370
0,252
0,435
0,369
0,251
0,458
0,368
0,250
0,559
0,474
0,249
0,517
0,367
0,248
0,473
0,543
0,247
0,486
0,365
0,246
0,364
0,245
0,558
0,471
0,244
0,556
0,485
0,242
0,532
0,363
0,241
0,531
1,3
1,1
0,322
0,366
0,408
0,430
0,438
0,449
0,461
0,466
0,469
0,488
0,489
0,494
2,2
2,5
2,6
2,9
3,1
3,3
160,1
160,2
161,0
161,2
161,3
162,0
162,1
162,3
162,4
163,0
163,2
163,3
163,5
163,6
164,1
164,3
165,0
165,2
165,3
166,1
166,3
166,4
167,1
167,2
168,0
168,1
168,3
169,1
169,2
170,0
170,1
170,3
171,1
171,2
172,0
172,1
172,3
173,0
173,2
174,0
174,1
174,3
175,0
175,2
176,0
176,1
176,3
177,0
177,2
177,3
178,1
178,3
181,0
181,2
181,3
181,5
184,1
184,2
184,4
184,5
185,1
185,3
186,0
186,2
186,3
292,1
292,2
444,0
444,2
444,3
445,1
445,2
445,4
446,1
446,2
446,4
446,5
447,1
447,2
447,4
447,6
448,0
448,2
448,3
449,1
449,3
450,0
450,2
450,3
451,0
451,1
451,3
452,1
452,2
455,0
455,1
455,3
455,5
458,0
458,2
458,3
458,5
459,0
459,2
461,0
461,1
461,3
462,0
462,2
474,0
474,1
474,3
475,0
475,2
475,4
476,0
476,2
476,3
477,1
477,2
477,4
478,1
478,2
478,4
478,5
479,1
479,3
479,2
479,0
478,3
478,0
477,3
477,0
476,1
475,3
475,1
474,2
462,3
462,1
461,2
459,3
459,1
458,4
458,1
455,4
455,2
452,3
452,0
451,2
450,4
450,1
449,2
449,0
448,1
447,5
447,3
447,0
446,3
446,0
445,3
445,0
444,1
292,3
292,0
186,1
185,2
185,0
184,3
184,0
181,4
181,1
178,2
178,0
177,1
176,2
175,3
175,1
174,2
173,3
173,1
172,2
171,3
171,0
170,2
169,3
169,0
168,2
167,3
167,0
166,2
166,0
165,1
164,2
164,0
163,4
163,1
162,5
162,2
161,4
161,1
160,3
160,0
3,0
2,7
2,4
0,493
0,472
0,468
0,451
0,433
0,428
0,345
0,319
0,243
1,0
2,1
2,8
2,3
2,0
0,9
0,362
0,240
0,569
0,361
0,239
0,565
0,360
0,238
0,542
0,359
0,237
0,557
0,358
0,236
0,537
0,357
0,235
0,422
0,356
0,234
0,349
0,355
0,233
0,516
0,354
0,232
0,467
0,353
0,231
0,514
0,352
0,230
0,463
0,570
0,229
0,445
0,351
0,228
0,460
0,350
0,227
0,459
0,575
0,226
0,503
0,348
0,225
0,457
0,456
0,224
0,530
0,484
0,223
0,539
0,347
0,222
0,455
0,346
0,221
0,454
0,220
0,538
0,344
0,219
0,483
0,499
0,218
0,482
0,217
0,453
0,343
0,216
0,450
0,342
0,215
0,481
0,341
0,214
0,340
0,213
0,448
0,447
0,212
0,446
0,437
0,211
0,574
0,339
0,210
0,529
0,338
0,209
0,528
0,337
0,208
0,443
0,573
0,207
0,442
0,335
0,206
0,526
0,334
0,205
0,527
0,441
0,204
0,333
0,203
0,440
0,332
0,202
0,439
0,331
0,201
0,498
0,330
0,200
0,480
0,436
0,199
0,479
0,567
0,198
0,571
0,329
0,197
0,478
0,540
0,196
0,434
0,327
0,195
0,470
0,326
0,194
0,432
0,431
0,193
0,429
0,192
0,544
0,325
0,63
0,522
0,324
0,62
0,465
0,323
0,61
0,521
0,321
0,60
0,520
0,477
0,59
0,541
0,320
0,58
0,476
0,546
0,57
0,318
0,475
0,56
0,427
0,317
0,55
0,425
0,426
0,54
0,424
0,423
0,53
0,572
0,316
0,52
0,421
0,315
0,51
0,524
0,314
0,50
0,519
0,313
0,49
0,462
0,312
0,48
0,568
0,311
0,47
0,518
0,309
0,46
0,525
0,306
0,45
0,513
0,301
0,6
0,5
0,1
0,11
0,4
0,2
0,3
0,7
